DURAT	BELGIUM	CANADA	DENMARK	FINLAND	FRANCE	ICELAND	IRELAND	ISRAEL	ITALY	NETHER	NORWAY	PORTUG	SPAIN	SWEDEN	UK	T	POPINFL	OPPINFL	ROPINFL	PROX	IDENT	VOLAT	RESPONSE	INVEST	POLAR	FRACT	NUMST2	PARLBAS	CRISIS	FORMAT	OPPCONC	ELTIME2	ELTIMEB	ELTIMEN	CARETK2	NONPART	ELECTC	ELECTM	SINGPAR	EXTSUP	SALIEN	OPPCON2	OPPCOND	NP	DECPROX	CIEP12	CIEP24	CIEPTW
3	1	0	0	0	0	0	0	0	0	0	0	0	0	0	0	4	1	3	4	45	1	93	4	1	11	656	1	54	10	2	-0.86791998	0	0	1	0	0	0	0	0	0	190.44118	1	1	2.90698	33	1	1	1
7	1	0	0	0	0	0	0	0	0	0	0	0	0	0	0	4	1	3	4	45	1	93	4	1	11	656	1	54	24	5	-0.86791998	0	0	1	0	0	0	0	0	0	190.44118	1	1	2.90698	33	1	1	1
20	1	0	0	0	0	0	0	0	0	0	0	0	0	0	0	4	1	3	4	45	1	93	5	1	11	656	1	79	7	2	-0.14103	0	0	1	0	0	0	0	0	0	190.44118	0.52381003	0	2.90698	33	1	1	1
6	1	0	0	0	0	0	0	0	0	0	0	0	0	0	0	4	1	3	4	45	1	93	5	1	11	656	1	79	7	3	-0.14103	0	1	0	0	0	1	0	0	0	190.44118	0.52381003	0	2.90698	33	1	1	1
7	1	0	0	0	0	0	0	0	0	0	0	0	0	0	0	4	1	3	4	45	1	93	5	1	6	634	1	63	45	4	-0.58064997	1	0	0	0	0	0	0	0	0	190.44118	0.97297001	0	2.73224	33	1	1	1
2	1	0	0	0	0	0	0	0	0	0	0	0	0	0	0	4	1	3	4	45	2	62	5	1	3	599	1	50	51	1	-0.79592001	1	0	0	0	0	0	0	1	0	261.27451	0.77999997	0	2.4937699	50	1	1	1
17	1	0	0	0	0	0	0	0	0	0	0	0	0	0	0	4	1	3	4	45	2	62	5	1	3	599	1	50	4	3	-0.79592001	0	0	1	0	0	0	0	1	0	261.27451	0.77999997	0	2.4937699	50	1	1	1
27	1	0	0	0	0	0	0	0	0	0	0	0	0	0	0	4	1	3	4	45	2	62	5	1	3	599	1	50	6	1	-0.79592001	0	1	0	0	0	1	0	1	0	261.27451	0.77999997	0	2.4937699	50	1	0	1
49	1	0	0	0	0	0	0	0	0	0	0	0	0	0	0	4	1	3	4	45	2	62	3	1	2	620	1	52	10	1	-0.88235003	1	0	0	0	0	1	0	0	0	261.27451	0.9375	0	2.6315801	50	0	0	0
4	1	0	0	0	0	0	0	0	0	0	0	0	0	0	0	4	1	3	4	45	2	62	5	1	1	592	0	49	23	2	-0.83332998	1	0	0	0	0	0	0	1	0	261.27451	0.78430998	0	2.4509799	50	1	1	1
29	1	0	0	0	0	0	0	0	0	0	0	0	0	0	0	4	1	3	4	45	2	62	3	1	1	592	1	59	2	1	-0.68966001	0	1	0	0	0	1	0	0	0	261.27451	0.97561002	0	2.4509799	50	1	0	1
49	1	0	0	0	0	0	0	0	0	0	0	0	0	0	0	4	1	3	4	45	1	106	1	1	5	628	1	84	29	1	-0.13253	1	0	0	0	0	1	0	0	0	365.44116	0.6875	0	2.68817	75	0	0	0
6	1	0	0	0	0	0	0	0	0	0	0	0	0	0	0	4	1	3	4	45	1	106	1	1	11	719	1	66	65	4	-0.43077001	1	0	0	0	0	0	0	0	0	365.44116	0.82353002	0	3.5587201	75	1	1	1
23	1	0	0	0	0	0	0	0	0	0	0	0	0	0	0	4	1	3	4	45	1	106	3	1	11	719	1	59	38	5	-0.56897002	0	1	0	0	0	0	0	0	0	365.44116	0.80488002	0	3.5587201	75	1	1	1
41	1	0	0	0	0	0	0	0	0	0	0	0	0	0	0	4	1	3	4	45	1	106	1	1	18	757	1	60	132	5	-0.52542001	1	0	0	0	0	0	0	0	0	365.44116	0.77499998	0	4.1152301	75	0	0	0
10	1	0	0	0	0	0	0	0	0	0	0	0	0	0	0	4	1	3	4	45	1	71	3	1	24	775	1	60	73	3	-0.42372999	1	0	0	0	0	0	0	0	0	261.27451	0.625	0	4.4444399	50	1	1	1
12	1	0	0	0	0	0	0	0	0	0	0	0	0	0	0	4	1	3	4	45	1	71	2	1	24	775	1	75	61	1	-0.14865001	0	1	0	0	0	0	0	0	0	261.27451	0.44	0	4.4444399	50	1	1	1
2	1	0	0	0	0	0	0	0	0	0	0	0	0	0	0	4	1	3	4	45	1	71	3	1	24	762	0	48	65	5	-0.61702001	1	0	0	0	0	0	0	0	0	261.27451	0.55769002	0	4.2016802	50	1	1	1
33	1	0	0	0	0	0	0	0	0	0	0	0	0	0	0	4	1	3	4	45	1	71	2	1	24	762	1	59	0	1	-0.5	0	0	1	0	0	0	0	0	0	261.27451	0.70731997	0	4.2016802	50	1	0	1
1	1	0	0	0	0	0	0	0	0	0	0	0	0	0	0	4	1	3	4	45	1	71	3	1	24	762	0	49	0	2	-0.72917002	0	1	0	1	0	1	0	0	0	261.27451	0.68627	0	4.2016802	50	1	1	1
16	1	0	0	0	0	0	0	0	0	0	0	0	0	0	0	4	1	3	4	45	1	71	3	1	17	735	1	81	46	2	-0.1875	1	0	0	0	0	0	0	0	0	261.27451	0.78947002	0	3.7735901	50	1	1	1
2	1	0	0	0	0	0	0	0	0	0	0	0	0	0	0	4	1	3	4	45	1	71	3	1	17	753	1	81	9	1	-0.1875	0	1	0	1	0	1	0	0	0	261.27451	0.78947002	0	4.0485802	50	1	1	1
9	1	0	0	0	0	0	0	0	0	0	0	0	0	0	0	4	1	3	4	45	1	71	4	1	17	850	1	71	106	8	-0.34286001	1	0	0	0	0	0	0	0	0	261.27451	0.82758999	0	6.6666698	50	1	1	1
3	1	0	0	0	0	0	0	0	0	0	0	0	0	0	0	4	1	3	4	45	1	97	3	1	17	850	1	66	7	1	-0.36923	0	0	1	0	0	0	0	0	0	232.10785	0.70587999	0	6.6666698	43	1	1	1
5	1	0	0	0	0	0	0	0	0	0	0	0	0	0	0	4	1	3	4	45	1	97	4	1	17	850	1	80	39	2	-0.12658	0	0	1	0	0	0	0	0	0	232.10785	0.5	0	6.6666698	43	1	1	1
5	1	0	0	0	0	0	0	0	0	0	0	0	0	0	0	4	1	3	4	45	1	97	3	1	17	850	1	66	18	2	-0.36923	0	0	1	0	0	0	0	0	0	232.10785	0.70587999	0	6.6666698	43	1	1	1
6	1	0	0	0	0	0	0	0	0	0	0	0	0	0	0	4	1	3	4	45	1	97	3	1	17	850	1	66	6	1	-0.36923	0	1	0	0	0	0	0	0	0	232.10785	0.70587999	0	6.6666698	43	1	1	1
45	1	0	0	0	0	0	0	0	0	0	0	0	0	0	0	4	1	3	4	45	1	97	3	1	15	868	1	53	87	4	-0.59614998	1	0	0	0	0	0	0	0	0	232.10785	0.65956998	0	7.5757599	43	0	0	0
23	1	0	0	0	0	0	0	0	0	0	0	0	0	0	0	4	1	3	4	45	1	97	3	1	9	857	1	54	46	1	-0.60377002	1	0	0	0	0	0	0	0	0	232.10785	0.69564998	0	6.99301	43	1	1	1
41	0	1	0	0	0	0	0	0	0	0	0	0	0	0	0	5	1	2	3	93	3	227	1	0	1	648	0	48	0	1	-0.68085003	1	0	0	0	0	0	0	1	0	388.57843	0.61537999	0	2.84091	67	1	0	1
7	0	1	0	0	0	0	0	0	0	0	0	0	0	0	0	5	1	2	3	93	3	227	1	0	1	648	1	51	0	1	-0.66000003	0	1	0	0	0	1	1	1	0	388.57843	0.67347002	0	2.84091	67	1	1	1
49	0	1	0	0	0	0	0	0	0	0	0	0	0	0	0	5	1	2	3	93	3	227	5	0	0	428	1	73	0	1	-0.26389	1	0	0	0	0	1	1	1	0	388.57843	0.70370001	0	1.74825	67	0	0	0
46	0	1	0	0	0	0	0	0	0	0	0	0	0	0	0	5	1	2	3	93	3	236	5	0	0	536	1	64	0	1	-0.39682999	1	0	0	0	0	1	0	1	0	526.07843	0.69444001	0	2.15517	100	1	0	1
9	0	1	0	0	0	0	0	0	0	0	0	0	0	0	0	5	1	2	3	93	3	236	5	0	0	650	0	41	4	1	-1.45	1	0	0	0	0	1	1	1	0	526.07843	0.98304999	0	2.8571401	100	1	1	1
51	0	1	0	0	0	0	0	0	0	0	0	0	0	0	0	5	1	2	3	93	3	236	5	0	0	349	1	78	0	1	-0.27272999	1	0	0	0	0	1	0	1	0	526.07843	0.95455003	0	1.5361	100	0	0	0
10	0	1	0	0	0	0	0	0	0	0	0	0	0	0	0	5	1	2	3	93	3	161	1	0	0	648	0	43	0	1	-1.33333	1	0	0	0	0	0	0	1	0	442.74509	0.98246002	0	2.84091	80	1	1	1
32	0	1	0	0	0	0	0	0	0	0	0	0	0	0	0	5	1	2	3	93	3	161	5	0	0	622	0	48	5	1	-0.93616998	1	0	0	0	0	1	0	1	0	442.74509	0.84614998	0	2.6454999	80	1	1	1
28	0	1	0	0	0	0	0	0	0	0	0	0	0	0	0	5	1	2	3	93	3	161	5	0	0	614	0	49	0	1	-0.79167002	1	0	0	0	0	0	0	1	0	442.74509	0.74510002	0	2.5906701	80	1	1	1
3	0	1	0	0	0	0	0	0	0	0	0	0	0	0	0	5	1	2	3	93	3	161	5	0	0	614	0	49	0	1	-0.79167002	1	0	0	0	0	1	1	1	0	442.74509	0.74510002	0	2.5906701	80	1	1	1
53	0	1	0	0	0	0	0	0	0	0	0	0	0	0	0	5	1	2	3	93	3	161	5	0	0	571	1	58	1	1	-0.47367999	1	0	0	0	0	1	0	1	0	442.74509	0.64286	0	2.3310001	80	0	0	0
17	0	1	0	0	0	0	0	0	0	0	0	0	0	0	0	5	1	2	3	93	3	161	1	0	0	648	0	41	0	1	-1.15	1	0	0	0	0	0	0	1	0	526.07843	0.77965999	0	2.84091	100	1	1	1
59	0	1	0	0	0	0	0	0	0	0	0	0	0	0	0	5	1	2	3	93	3	161	5	0	0	583	1	53	62	1	-0.76923001	1	0	0	0	0	1	0	1	0	526.07843	0.85105997	0	2.3980801	100	0	0	0
9	0	1	0	0	0	0	0	0	0	0	0	0	0	0	0	5	1	2	3	93	3	161	5	0	0	602	0	48	0	1	-1.0851099	1	0	0	0	0	0	0	1	0	526.07843	0.98076999	0	2.5125599	100	1	1	1
52	0	1	0	0	0	0	0	0	0	0	0	0	0	0	0	5	1	2	3	93	3	261	5	0	0	582	1	52	0	1	-0.70587999	1	0	0	0	0	0	0	1	0	388.57843	0.75	0	2.3923399	67	0	0	0
3	0	1	0	0	0	0	0	0	0	0	0	0	0	0	0	5	1	2	3	93	3	261	5	0	0	582	1	52	0	1	-0.70587999	0	1	0	0	0	1	0	1	0	388.57843	0.75	0	2.3923399	67	1	1	1
23	0	0	1	0	0	0	0	0	0	0	0	0	0	0	0	4	2	2	3	70	2	175	5	0	12	777	0	25	14	3	-1.91667	1	0	0	0	0	0	0	1	1	499.01962	0.61333001	0	4.4843001	100	1	1	1
33	0	0	1	0	0	0	0	0	0	0	0	0	0	0	0	4	2	2	3	70	2	175	5	0	6	719	0	38	40	1	-1.48649	1	0	0	0	0	0	0	1	0	499.01962	0.88709998	0	3.5587201	100	1	0	1
1	0	0	1	0	0	0	0	0	0	0	0	0	0	0	0	4	2	2	3	70	3	57	5	0	5	749	0	39	36	5	-1.4473701	1	0	0	0	0	0	0	1	0	361.51962	0.90164	0	3.98406	67	1	1	1
30	0	0	1	0	0	0	0	0	0	0	0	0	0	0	0	4	2	2	3	70	3	57	3	0	5	749	0	39	1	1	-1.57895	0	1	0	0	0	1	1	0	0	361.51962	0.98360997	0	3.98406	67	1	0	1
5	0	0	1	0	0	0	0	0	0	0	0	0	0	0	0	4	2	2	3	70	3	57	3	0	5	740	0	39	0	1	-1.57895	1	0	0	0	0	1	0	0	0	361.51962	0.98360997	0	3.8461499	67	1	1	1
16	0	0	1	0	0	0	0	0	0	0	0	0	0	0	0	4	2	2	3	70	3	57	5	0	5	725	0	42	3	3	-1.26829	1	0	0	0	0	0	1	1	0	361.51962	0.89655	0	3.6363599	67	1	1	1
27	0	0	1	0	0	0	0	0	0	0	0	0	0	0	0	4	2	2	3	70	3	57	5	0	5	725	0	42	3	1	-1.26829	0	1	0	0	0	1	0	1	0	361.51962	0.89655	0	3.6363599	67	1	0	1
33	0	0	1	0	0	0	0	0	0	0	0	0	0	0	0	4	2	2	3	70	3	57	3	0	3	735	1	53	12	1	-0.80769002	1	0	0	0	0	0	1	0	0	361.51962	0.89362001	0	3.7735901	67	1	0	1
9	0	0	1	0	0	0	0	0	0	0	0	0	0	0	0	4	2	2	3	70	3	96	3	0	3	735	1	53	2	1	-0.80769002	0	1	0	0	0	1	0	0	0	361.51962	0.89362001	0	3.7735901	67	1	1	1
22	0	0	1	0	0	0	0	0	0	0	0	0	0	0	0	4	2	2	3	70	3	96	3	0	6	722	0	49	2	1	-0.89582998	1	0	0	0	0	0	0	0	1	361.51962	0.84314001	0	3.59712	67	1	1	1
25	0	0	1	0	0	0	0	0	0	0	0	0	0	0	0	4	2	2	3	70	3	96	3	0	6	722	0	49	0	1	-0.89582998	0	1	0	0	0	1	0	0	1	361.51962	0.84314001	0	3.59712	67	1	0	1
25	0	0	1	0	0	0	0	0	0	0	0	0	0	0	0	4	2	2	3	70	3	96	3	0	6	715	0	43	3	8	-1.19048	1	0	0	0	0	1	0	1	0	361.51962	0.87718999	0	3.50877	67	1	0	1
14	0	0	1	0	0	0	0	0	0	0	0	0	0	0	0	4	2	2	3	70	3	96	1	0	11	748	0	39	26	4	-1.28947	1	0	0	0	0	0	0	1	0	361.51962	0.80328	0	3.96825	67	1	1	1
44	0	0	1	0	0	0	0	0	0	0	0	0	0	0	0	4	2	2	3	70	3	96	4	0	9	764	1	56	8	1	-0.80000001	1	0	0	0	0	1	0	0	0	361.51962	1	1	4.2372899	67	0	0	0
12	0	0	1	0	0	0	0	0	0	0	0	0	0	0	0	4	2	2	3	70	2	179	5	0	10	746	0	40	14	2	-1.28205	1	0	0	0	0	0	0	1	0	378.18628	0.83332998	0	3.93701	71	1	1	1
14	0	0	1	0	0	0	0	0	0	0	0	0	0	0	0	4	2	2	3	70	2	179	5	0	10	746	0	40	2	1	-1.28205	0	1	0	0	0	1	0	1	0	378.18628	0.83332998	0	3.93701	71	1	1	1
13	0	0	1	0	0	0	0	0	0	0	0	0	0	0	0	4	2	2	3	70	2	179	1	0	26	855	0	12	14	4	-5.2727299	1	0	0	0	0	0	0	1	0	378.18628	0.65908998	0	6.8965502	71	1	1	1
24	0	0	1	0	0	0	0	0	0	0	0	0	0	0	0	4	2	2	3	70	2	179	5	0	25	815	0	30	15	4	-2	1	0	0	0	0	1	0	1	0	378.18628	0.82857001	0	5.4054098	71	1	1	1
18	0	0	1	0	0	0	0	0	0	0	0	0	0	0	0	4	2	2	3	70	2	179	5	0	26	811	0	37	0	2	-1.44444	1	0	0	0	0	0	0	1	0	378.18628	0.82539999	0	5.2910099	71	1	1	1
13	0	0	1	0	0	0	0	0	0	0	0	0	0	0	0	4	2	2	3	70	2	179	3	0	26	811	0	49	0	1	-0.54167002	0	1	0	0	0	0	0	0	0	378.18628	0.50980002	0	5.2910099	71	1	1	1
29	0	0	1	0	0	0	0	0	0	0	0	0	0	0	0	4	2	2	3	70	2	179	5	0	21	791	0	38	28	1	-1.3783799	1	0	0	0	0	0	0	1	0	378.18628	0.82257998	0	4.7846899	71	1	0	1
8	0	0	1	0	0	0	0	0	0	0	0	0	0	0	0	4	2	2	3	70	2	116	1	0	21	817	0	33	48	2	-1.625	1	0	0	0	0	0	0	1	0	290.68628	0.77612001	0	5.4644799	50	1	1	1
16	0	0	1	0	0	0	0	0	0	0	0	0	0	0	0	4	2	2	3	70	2	116	3	0	24	817	0	37	7	2	-1.4722199	0	1	0	0	0	0	1	0	0	186.51961	0.84127003	0	5.4644799	25	1	1	1
43	0	0	1	0	0	0	0	0	0	0	0	0	0	0	0	4	2	2	3	70	2	116	3	0	18	802	0	44	14	1	-1.06977	1	0	0	0	0	1	0	0	1	186.51961	0.82143003	0	5.0504999	25	0	0	0
28	0	0	0	1	0	0	0	0	0	0	0	0	0	0	0	4	2	2	3	27	1	80	2	0	25	791	1	81	20	1	-0.22499999	0	1	0	0	0	1	0	0	0	240.09804	0.94736999	0	4.7846899	50	1	0	1
19	0	0	0	1	0	0	0	0	0	0	0	0	0	0	0	4	2	2	3	27	1	80	5	0	19	780	0	27	7	3	-2.03846	1	0	0	0	0	0	1	1	0	240.09804	0.72602999	0	4.5454502	50	1	1	1
10	0	0	0	1	0	0	0	0	0	0	0	0	0	0	0	4	2	2	3	27	1	58	3	0	19	780	0	37	16	2	-1.2777801	0	0	1	0	0	0	0	0	0	135.93137	0.73016	0	4.5454502	25	1	1	1
2	0	0	0	1	0	0	0	0	0	0	0	0	0	0	0	4	2	2	3	27	1	58	4	0	19	780	1	64	0	1	-0.30159	0	1	0	0	0	0	0	0	0	135.93137	0.52778	0	4.5454502	25	1	1	1
21	0	0	0	1	0	0	0	0	0	0	0	0	0	0	0	4	2	2	3	27	1	58	2	0	22	791	1	59	183	1	-0.36206999	1	0	0	0	0	0	0	0	0	135.93137	0.5122	0	4.7846899	25	1	1	1
4	0	0	0	1	0	0	0	0	0	0	0	0	0	0	0	4	2	2	3	27	1	58	3	0	22	791	0	33	12	2	-1.5	0	0	1	0	0	0	0	0	0	135.93137	0.71641999	0	4.7846899	25	1	1	1
5	0	0	0	1	0	0	0	0	0	0	0	0	0	0	0	4	2	2	3	27	1	58	3	0	22	788	1	72	148	3	-0.29576999	1	0	0	0	0	0	0	0	0	135.93137	0.75	0	4.71698	25	1	1	1
16	0	0	0	1	0	0	0	0	0	0	0	0	0	0	0	4	2	2	3	27	1	58	5	0	22	788	1	53	6	1	-0.48076999	0	0	1	0	0	0	1	0	0	135.93137	0.53191	0	4.71698	25	1	1	1
15	0	0	0	1	0	0	0	0	0	0	0	0	0	0	0	4	2	2	3	27	1	58	4	0	22	788	1	66	14	1	-0.32308	0	0	1	0	0	0	0	0	0	135.93137	0.61764997	0	4.71698	25	1	1	1
1	0	0	0	1	0	0	0	0	0	0	0	0	0	0	0	4	2	2	3	27	1	58	4	0	22	788	0	39	5	1	-1.26316	0	0	1	0	0	0	0	0	0	135.93137	0.78688997	0	4.71698	25	1	1	1
2	0	0	0	1	0	0	0	0	0	0	0	0	0	0	0	4	2	2	3	27	1	58	5	0	22	788	0	33	0	1	-1.5	0	0	1	0	0	0	0	0	0	135.93137	0.71641999	0	4.71698	25	1	1	1
2	0	0	0	1	0	0	0	0	0	0	0	0	0	0	0	4	2	2	3	27	1	58	5	0	22	788	0	34	0	1	-1.42424	0	0	1	0	0	0	0	0	0	135.93137	0.71212	0	4.71698	25	1	1	1
3	0	0	0	1	0	0	0	0	0	0	0	0	0	0	0	4	2	2	3	27	1	58	2	0	25	795	1	73	0	5	-0.36111	1	0	0	0	0	0	0	0	0	135.93137	0.96296	0	4.8780499	25	1	1	1
30	0	0	0	1	0	0	0	0	0	0	0	0	0	0	0	4	2	2	3	27	1	58	1	0	25	795	0	24	40	2	-1.13043	0	0	1	0	0	0	0	1	1	135.93137	0.34211001	0	4.8780499	25	1	0	1
8	0	0	0	1	0	0	0	0	0	0	0	0	0	0	0	4	2	2	3	27	1	90	1	0	25	795	0	24	16	1	-1.13043	0	1	0	0	0	1	0	1	1	198.43137	0.34211001	0	4.8780499	40	1	1	1
20	0	0	0	1	0	0	0	0	0	0	0	0	0	0	0	4	2	2	3	27	1	90	5	0	24	803	1	66	44	3	-0.50769001	1	0	0	0	0	0	0	0	0	198.43137	0.97059	0	5.0761399	40	1	1	1
19	0	0	0	1	0	0	0	0	0	0	0	0	0	0	0	4	2	2	3	27	1	90	5	0	24	803	1	56	1	2	-0.80000001	0	1	0	0	0	1	0	0	0	198.43137	1	1	5.0761399	40	1	1	1
21	0	0	0	1	0	0	0	0	0	0	0	0	0	0	0	4	2	2	3	27	1	90	3	0	21	799	1	76	43	2	-0.31999999	1	0	0	0	0	0	1	0	0	198.43137	1	1	4.9751201	40	1	1	1
24	0	0	0	1	0	0	0	0	0	0	0	0	0	0	0	4	2	2	3	27	1	90	2	0	21	799	1	82	21	3	-0.20987999	0	1	0	0	0	1	0	0	0	198.43137	0.94444001	0	4.9751201	40	1	1	1
8	0	0	0	1	0	0	0	0	0	0	0	0	0	0	0	4	2	2	3	27	1	89	1	0	27	821	1	72	0	3	-0.39436999	0	0	1	0	0	0	0	0	0	215.09804	1	1	5.5865898	44	1	1	1
7	0	0	0	1	0	0	0	0	0	0	0	0	0	0	0	4	2	2	3	27	1	89	1	0	27	821	1	54	9	1	-0.52829999	0	0	1	0	0	0	0	0	0	215.09804	0.60869998	0	5.5865898	44	1	1	1
5	0	0	0	1	0	0	0	0	0	0	0	0	0	0	0	4	2	2	3	27	1	89	5	0	28	818	0	27	0	3	-2.07692	1	0	0	0	0	0	0	1	0	215.09804	0.73973	0	5.4945102	44	1	1	1
33	0	0	0	1	0	0	0	0	0	0	0	0	0	0	0	4	2	2	3	27	1	89	2	0	28	818	1	53	47	3	-0.53846002	0	0	1	0	0	0	0	0	0	215.09804	0.59574002	0	5.4945102	44	1	0	1
10	0	0	0	1	0	0	0	0	0	0	0	0	0	0	0	4	2	2	3	27	1	89	4	0	21	812	1	76	0	3	-0.31999999	1	0	0	0	0	0	0	0	0	215.09804	1	1	5.31915	44	1	1	1
7	0	0	0	1	0	0	0	0	0	0	0	0	0	0	0	4	2	2	3	27	1	89	5	0	21	812	0	29	12	1	-1.67857	0	0	1	1	0	0	0	0	0	215.09804	0.66197002	0	5.31915	44	1	1	1
9	0	0	0	1	0	0	0	0	0	0	0	0	0	0	0	4	2	2	3	27	1	89	4	0	21	812	1	76	4	1	-0.31999999	0	0	1	0	0	0	0	0	0	215.09804	1	1	5.31915	44	1	1	1
13	0	0	0	1	0	0	0	0	0	0	0	0	0	0	0	4	2	2	3	27	1	89	4	0	21	812	1	71	13	2	-0.41429001	0	1	0	0	0	1	0	0	0	215.09804	1	1	5.31915	44	1	1	1
32	0	0	0	1	0	0	0	0	0	0	0	0	0	0	0	4	2	2	3	27	1	89	1	0	21	808	1	66	69	3	-0.50769001	1	0	0	0	0	0	1	0	0	215.09804	0.97059	0	5.2083302	44	1	0	1
11	0	0	0	1	0	0	0	0	0	0	0	0	0	0	0	4	2	2	3	27	1	95	1	0	21	808	1	66	16	1	-0.50769001	0	0	1	0	0	0	0	0	0	240.09804	0.97059	0	5.2083302	50	1	1	1
3	0	0	0	1	0	0	0	0	0	0	0	0	0	0	0	4	2	2	3	27	1	95	1	0	21	808	0	49	1	1	-0.64582998	0	1	0	1	0	1	0	0	1	240.09804	0.60784	0	5.2083302	50	1	1	1
47	0	0	0	1	0	0	0	0	0	0	0	0	0	0	0	4	2	2	3	27	1	95	4	0	22	805	1	62	25	1	-0.39344001	1	0	0	0	0	1	0	0	0	240.09804	0.63158	0	5.1282101	50	0	0	0
5	0	0	0	0	1	0	0	0	0	0	0	0	0	0	0	5	2	3	4	13	1	72	4	1	28	788	1	77	11	1	-0.28946999	1	0	0	0	0	1	0	0	0	90.294121	0.95652002	0	4.71698	18	1	1	1
1	0	0	0	0	1	0	0	0	0	0	0	0	0	0	0	5	2	3	4	13	1	72	1	1	31	788	0	16	18	6	-3.26667	1	0	0	1	0	0	1	1	0	90.294121	0.58332998	0	4.71698	18	1	1	1
3	0	0	0	0	1	0	0	0	0	0	0	0	0	0	0	5	2	3	4	13	1	72	4	1	31	788	1	84	2	2	-0.13253	0	0	1	0	0	0	0	0	0	90.294121	0.6875	0	4.71698	18	1	1	1
5	0	0	0	0	1	0	0	0	0	0	0	0	0	0	0	5	2	3	4	13	1	72	3	1	31	788	1	54	5	1	-0.54716998	0	0	1	0	0	0	0	0	0	90.294121	0.63042998	0	4.71698	18	1	1	1
1	0	0	0	0	1	0	0	0	0	0	0	0	0	0	0	5	2	3	4	13	1	72	3	1	31	788	1	54	0	1	-0.54716998	0	0	1	0	0	0	0	0	0	90.294121	0.63042998	0	4.71698	18	1	1	1
8	0	0	0	0	1	0	0	0	0	0	0	0	0	0	0	5	2	3	4	13	1	72	2	1	31	788	1	54	5	4	-0.54716998	0	0	1	0	0	0	0	0	0	90.294121	0.63042998	0	4.71698	18	1	1	1
1	0	0	0	0	1	0	0	0	0	0	0	0	0	0	0	5	2	3	4	13	1	72	3	1	31	788	1	54	7	1	-0.54716998	0	0	1	0	0	0	0	0	1	90.294121	0.63042998	0	4.71698	18	1	1	1
0.5	0	0	0	0	1	0	0	0	0	0	0	0	0	0	0	5	2	3	4	13	1	72	3	1	31	788	1	54	9	3	-0.54716998	0	0	1	0	0	0	0	0	0	90.294121	0.63042998	0	4.71698	18	1	1	1
13	0	0	0	0	1	0	0	0	0	0	0	0	0	0	0	5	2	3	4	13	1	72	2	1	31	788	1	60	4	2	-0.49153	0	0	1	0	0	0	0	0	0	90.294121	0.72500002	0	4.71698	18	1	1	1
3	0	0	0	0	1	0	0	0	0	0	0	0	0	0	0	5	2	3	4	13	1	72	2	1	31	788	1	54	23	3	-0.54716998	0	0	1	0	0	0	0	0	0	90.294121	0.63042998	0	4.71698	18	1	1	1
5	0	0	0	0	1	0	0	0	0	0	0	0	0	0	0	5	2	3	4	13	1	242	2	1	31	788	0	38	3	1	-1.21622	0	0	1	0	0	0	0	0	0	61.127449	0.72580999	0	4.71698	11	1	1	1
0.5	0	0	0	0	1	0	0	0	0	0	0	0	0	0	0	5	2	3	4	13	1	242	3	1	31	788	0	42	8	5	-1.09756	0	0	1	0	0	0	0	0	0	61.127449	0.77586001	0	4.71698	11	1	1	1
7	0	0	0	0	1	0	0	0	0	0	0	0	0	0	0	5	2	3	4	13	1	242	2	1	31	788	1	59	8	3	-0.5	0	0	1	0	0	0	0	0	0	61.127449	0.70731997	0	4.71698	11	1	1	1
4	0	0	0	0	1	0	0	0	0	0	0	0	0	0	0	5	2	3	4	13	1	242	2	1	31	788	1	59	10	5	-0.5	0	1	0	0	0	1	0	0	0	61.127449	0.70731997	0	4.71698	11	1	1	1
5	0	0	0	0	1	0	0	0	0	0	0	0	0	0	0	5	2	3	4	13	1	242	4	1	27	842	0	43	41	6	-0.45238	1	0	0	0	0	0	0	0	1	61.127449	0.33333001	0	6.3291101	11	1	1	1
1	0	0	0	0	1	0	0	0	0	0	0	0	0	0	0	5	2	3	4	13	1	242	4	1	27	842	0	43	13	5	-0.78570998	0	0	1	0	0	0	0	0	0	61.127449	0.57894999	0	6.3291101	11	1	1	1
10	0	0	0	0	1	0	0	0	0	0	0	0	0	0	0	5	2	3	4	13	1	242	4	1	27	842	0	43	8	3	-0.78570998	0	0	1	0	0	0	0	0	0	61.127449	0.57894999	0	6.3291101	11	1	1	1
4	0	0	0	0	1	0	0	0	0	0	0	0	0	0	0	5	2	3	4	13	1	242	4	1	27	842	0	43	16	4	-0.78570998	0	0	1	0	0	0	0	0	1	61.127449	0.57894999	0	6.3291101	11	1	1	1
11	0	0	0	0	1	0	0	0	0	0	0	0	0	0	0	5	2	3	4	13	1	242	4	1	27	842	1	62	38	8	-0.54097998	0	0	1	0	0	0	0	0	0	61.127449	0.86842	0	6.3291101	11	1	1	1
7	0	0	0	0	1	0	0	0	0	0	0	0	0	0	0	5	2	3	4	13	1	242	4	1	27	842	1	59	7	1	-0.27586001	0	0	1	0	0	0	0	0	1	61.127449	0.39024001	0	6.3291101	11	1	1	1
0.5	0	0	0	0	1	0	0	0	0	0	0	0	0	0	0	5	2	3	4	13	1	242	3	1	27	842	0	46	14	3	-0.75555998	0	0	1	0	0	0	0	0	0	61.127449	0.62963003	0	6.3291101	11	1	1	1
11	0	0	0	0	1	0	0	0	0	0	0	0	0	0	0	5	2	3	4	13	1	242	4	1	27	842	1	60	4	1	-0.54237002	0	1	0	0	0	0	0	0	0	61.127449	0.80000001	0	6.3291101	11	1	1	1
16	0	0	0	0	1	0	0	0	0	0	0	0	0	0	0	5	2	3	4	13	1	242	2	1	38	839	0	27	8	2	-1.42308	1	0	0	0	0	0	0	0	1	61.127449	0.50685	0	6.2111802	11	1	1	1
4	0	0	0	0	1	0	0	0	0	0	0	0	0	0	0	5	2	3	4	13	1	242	2	1	38	839	0	29	22	6	-1.3571399	0	0	1	0	0	0	0	0	0	61.127449	0.53521001	0	6.2111802	11	1	1	1
0.5	0	0	0	0	1	0	0	0	0	0	0	0	0	0	0	5	2	3	4	13	1	242	5	1	38	839	0	20	18	3	-3.0526299	0	0	1	0	0	0	0	0	0	61.127449	0.72500002	0	6.2111802	11	1	1	1
0.5	0	0	0	0	1	0	0	0	0	0	0	0	0	0	0	5	2	3	4	13	1	242	2	1	38	839	0	39	10	2	-0.76315999	0	0	1	0	0	0	0	0	0	61.127449	0.47541001	0	6.2111802	11	1	1	1
5	0	0	0	0	1	0	0	0	0	0	0	0	0	0	0	5	2	3	4	13	1	242	2	1	38	839	1	56	7	1	-0.43636	0	0	1	0	0	0	0	0	0	61.127449	0.54544997	0	6.2111802	11	1	1	1
0.5	0	0	0	0	1	0	0	0	0	0	0	0	0	0	0	5	2	3	4	13	1	242	2	1	38	839	1	54	28	6	-0.45282999	0	0	1	0	0	0	0	0	0	61.127449	0.52174002	0	6.2111802	11	1	1	1
4	0	0	0	0	1	0	0	0	0	0	0	0	0	0	0	5	2	3	4	13	1	242	3	1	38	839	1	67	0	1	-0.36364001	0	1	0	0	0	1	0	0	0	61.127449	0.72727001	0	6.2111802	11	1	1	1
33	0	0	0	0	0	1	0	0	0	0	0	0	0	0	0	4	2	3	4	65	2	77	3	0	19	722	1	80	117	1	-0.24051	0	1	0	0	0	1	0	0	0	284.80392	0.94999999	0	3.59712	50	1	0	1
40	0	0	0	0	0	1	0	0	0	0	0	0	0	0	0	4	2	3	4	65	2	72	3	0	17	712	1	69	11	1	-0.44117999	0	1	0	0	0	1	0	0	0	355.63727	0.96774	0	3.4722199	67	0	0	0
34	0	0	0	0	0	1	0	0	0	0	0	0	0	0	0	4	2	3	4	65	2	72	3	0	14	709	1	71	77	1	-0.40000001	1	0	0	0	0	0	0	0	0	355.63727	0.96552002	0	3.43643	67	1	0	1
28	0	0	0	0	0	1	0	0	0	0	0	0	0	0	0	4	2	3	4	65	2	72	5	0	15	712	1	63	0	1	-0.58064997	1	0	0	0	0	0	0	0	0	355.63727	0.97297001	0	3.4722199	67	1	0	1
11	0	0	0	0	0	1	0	0	0	0	0	0	0	0	0	4	2	3	4	65	2	72	5	0	15	712	0	15	19	1	-4.9285698	0	1	0	0	0	1	1	1	0	355.63727	0.81176001	0	3.4722199	67	1	1	1
5	0	0	0	0	0	1	0	0	0	0	0	0	0	0	0	4	2	3	4	65	2	72	5	0	14	687	0	11	0	1	-7.5	1	0	0	0	0	1	0	1	0	355.63727	0.8427	0	3.19489	67	1	1	1
43	0	0	0	0	0	1	0	0	0	0	0	0	0	0	0	4	2	3	4	65	2	72	5	0	17	710	1	55	1	1	-0.51852	1	0	0	0	0	1	1	0	0	355.63727	0.62221998	0	3.4482801	67	0	0	0
5	0	0	0	0	0	1	0	0	0	0	0	0	0	0	0	4	2	3	4	65	3	34	1	0	15	699	1	53	0	1	-0.59614998	1	0	0	0	0	0	0	0	0	355.63727	0.65956998	0	3.3222599	67	1	1	1
43	0	0	0	0	0	1	0	0	0	0	0	0	0	0	0	4	2	3	4	65	3	34	1	0	15	699	1	53	0	1	-0.59614998	0	1	0	0	0	1	1	0	0	355.63727	0.65956998	0	3.3222599	67	0	0	0
37	0	0	0	0	0	1	0	0	0	0	0	0	0	0	0	4	2	3	4	65	3	34	3	0	15	718	1	53	0	1	-0.57691997	1	0	0	0	0	0	1	0	0	355.63727	0.6383	0	3.5460999	67	0	0	0
8	0	0	0	0	0	1	0	0	0	0	0	0	0	0	0	4	2	3	4	65	2	117	3	0	15	718	1	53	62	1	-0.57691997	0	1	0	0	0	1	0	0	0	326.47058	0.6383	0	3.5460999	60	1	1	1
36	0	0	0	0	0	1	0	0	0	0	0	0	0	0	0	4	2	3	4	65	2	117	4	0	17	740	1	53	30	1	-0.69230998	1	0	0	0	0	0	0	0	0	326.47058	0.76595998	0	3.8461499	60	1	0	0
46	0	0	0	0	0	1	0	0	0	0	0	0	0	0	0	4	2	3	4	65	2	117	5	0	18	704	1	70	58	3	-0.43478	1	0	0	0	0	1	0	0	0	326.47058	1	1	3.3783801	60	0	0	0
13	0	0	0	0	0	1	0	0	0	0	0	0	0	0	0	4	2	3	4	65	2	117	4	0	23	761	1	66	65	1	-0.50769001	1	0	0	0	0	0	0	0	0	326.47058	0.97059	0	4.1841002	60	1	1	1
2	0	0	0	0	0	1	0	0	0	0	0	0	0	0	0	4	2	3	4	65	2	117	5	0	23	761	0	23	3	1	-2.40909	0	1	0	0	0	1	0	1	0	326.47058	0.68831003	0	4.1841002	60	1	1	1
39	0	0	0	0	0	1	0	0	0	0	0	0	0	0	0	4	2	3	4	65	2	194	3	0	18	736	1	51	67	5	-0.62	1	0	0	0	0	1	0	0	0	493.13727	0.63265002	0	3.7878799	100	0	0	0
48	0	0	0	0	0	1	0	0	0	0	0	0	0	0	0	4	2	3	4	65	2	194	3	0	17	754	1	62	28	4	-0.62295002	1	0	0	0	0	1	0	0	0	493.13727	1	1	4.0650401	100	0	0	0
40	0	0	0	0	0	0	1	0	0	0	0	0	0	0	0	5	1	1	1	80	3	101	4	1	0	724	0	46	0	1	-1.17778	1	0	0	0	0	0	0	0	0	510.7843	0.98148	0	3.6231899	100	1	0	1
35	0	0	0	0	0	0	1	0	0	0	0	0	0	0	0	5	1	1	1	80	3	101	5	1	0	692	0	46	0	2	-0.71111	1	0	0	0	0	1	0	1	0	406.61765	0.59258997	0	3.2467501	75	1	1	1
34	0	0	0	0	0	0	1	0	0	0	0	0	0	0	0	5	1	1	1	80	3	101	4	1	0	671	1	50	13	2	-0.95918	1	0	0	0	0	0	0	0	1	406.61765	0.94	0	3.03951	75	1	1	1
27	0	0	0	0	0	0	1	0	0	0	0	0	0	0	0	5	1	1	1	80	3	101	5	1	3	636	1	53	0	1	-0.51923001	1	0	0	0	0	0	1	1	0	406.61765	0.57446998	0	2.7472501	75	1	1	1
28	0	0	0	0	0	0	1	0	0	0	0	0	0	0	0	5	1	1	1	80	3	101	5	1	3	636	1	53	0	1	-0.51923001	0	1	0	0	0	1	0	1	0	406.61765	0.57446998	0	2.7472501	75	1	1	1
42	0	0	0	0	0	0	1	0	0	0	0	0	0	0	0	5	1	1	1	80	2	60	1	1	0	645	0	48	0	1	-0.7234	1	0	0	0	0	1	1	1	0	406.61765	0.65385002	0	2.8169	75	1	0	1
19	0	0	0	0	0	0	1	0	0	0	0	0	0	0	0	5	1	1	1	80	2	60	5	1	0	620	1	50	0	1	-0.67347002	1	0	0	0	0	0	0	1	0	406.61765	0.66000003	0	2.6315801	75	1	1	1
32	0	0	0	0	0	0	1	0	0	0	0	0	0	0	0	5	1	1	1	80	2	60	5	1	0	620	1	50	2	1	-0.67347002	0	1	0	0	0	1	1	1	0	406.61765	0.66000003	0	2.6315801	75	1	1	1
44	0	0	0	0	0	0	1	0	0	0	0	0	0	0	0	5	1	1	1	80	2	60	5	1	0	593	1	52	0	1	-0.66667002	1	0	0	0	0	1	0	1	0	406.61765	0.70832998	0	2.457	75	1	0	1
52	0	0	0	0	0	0	1	0	0	0	0	0	0	0	0	5	1	1	1	80	3	73	5	1	0	612	1	50	0	2	-1	1	0	0	0	0	1	0	0	0	373.2843	0.98000002	0	2.5773201	67	0	0	0
29	0	0	0	0	0	0	1	0	0	0	0	0	0	0	0	5	1	1	1	80	3	73	5	1	0	580	1	56	0	1	-0.52727002	1	0	0	0	0	0	0	1	0	373.2843	0.65908998	0	2.38095	67	1	1	1
18	0	0	0	0	0	0	1	0	0	0	0	0	0	0	0	5	1	1	1	80	3	73	5	1	0	580	1	56	6	1	-0.52727002	0	1	0	0	0	1	0	1	0	373.2843	0.65908998	0	2.38095	67	1	1	1
7	0	0	0	0	0	0	1	0	0	0	0	0	0	0	0	5	1	1	1	80	3	96	3	1	0	582	0	48	0	2	-1.06383	1	0	0	0	0	0	0	0	0	427.45099	0.96153998	0	2.3923399	80	1	1	1
8	0	0	0	0	0	0	1	0	0	0	0	0	0	0	0	5	1	1	1	80	3	96	5	1	0	609	0	48	19	1	-0.80851001	1	0	0	0	0	0	0	1	0	427.45099	0.73076999	0	2.5575399	80	1	1	1
48	0	0	0	0	0	0	1	0	0	0	0	0	0	0	0	5	1	1	1	80	3	96	5	1	0	608	1	51	20	1	-0.94	1	0	0	0	0	0	1	0	0	427.45099	0.95918	0	2.5510199	80	1	0	0
11	0	0	0	0	0	0	0	1	0	0	0	0	0	0	0	4	1	1	2	40	1	125	1	1	11	802	1	54	71	2	-0.54716998	1	0	0	0	0	0	0	0	1	197.05882	0.63042998	0	5.0504999	36	1	1	1
3	0	0	0	0	0	0	0	1	0	0	0	0	0	0	0	4	1	1	2	40	1	125	1	1	11	802	1	50	0	1	-0.73469001	0	0	1	1	0	0	1	0	0	197.05882	0.72000003	0	5.0504999	36	1	1	1
12	0	0	0	0	0	0	0	1	0	0	0	0	0	0	0	4	1	1	2	40	1	125	2	1	11	802	1	72	4	3	-0.22535001	0	0	1	0	0	0	0	0	0	197.05882	0.57143003	0	5.0504999	36	1	1	1
18	0	0	0	0	0	0	0	1	0	0	0	0	0	0	0	4	1	1	2	40	1	125	3	1	11	802	1	72	28	2	-0.22535001	0	0	1	0	0	0	0	0	0	197.05882	0.57143003	0	5.0504999	36	1	1	1
4	0	0	0	0	0	0	0	1	0	0	0	0	0	0	0	4	1	1	2	40	1	125	1	1	11	802	1	53	0	1	-0.55769002	0	1	0	1	0	1	0	0	0	197.05882	0.61702001	0	5.0504999	36	1	1	1
6	0	0	0	0	0	0	0	1	0	0	0	0	0	0	0	4	1	1	2	40	1	125	4	1	18	834	1	66	7	1	-0.43077001	0	0	1	0	0	0	0	0	0	197.05882	0.82353002	0	6.0240998	36	1	1	1
16	0	0	0	0	0	0	0	1	0	0	0	0	0	0	0	4	1	1	2	40	1	125	4	1	18	834	1	57	0	1	-0.66070998	0	1	0	0	0	0	0	0	0	197.05882	0.86047	0	6.0240998	36	1	1	1
13	0	0	0	0	0	0	0	1	0	0	0	0	0	0	0	4	1	1	2	40	1	125	4	1	16	797	1	71	44	2	-0.35714	1	0	0	0	0	0	0	0	0	197.05882	0.86207002	0	4.9261098	36	1	1	1
17	0	0	0	0	0	0	0	1	0	0	0	0	0	0	0	4	1	1	2	40	1	81	3	1	18	814	1	55	274	5	-0.61110997	1	0	0	0	0	0	0	0	1	226.22549	0.73333001	0	5.3763399	43	1	1	1
18	0	0	0	0	0	0	0	1	0	0	0	0	0	0	0	4	1	1	2	40	1	81	3	1	18	814	1	55	10	1	-0.61110997	0	0	1	0	0	0	0	0	1	226.22549	0.73333001	0	5.3763399	43	1	1	1
10	0	0	0	0	0	0	0	1	0	0	0	0	0	0	0	4	1	1	2	40	1	81	3	1	18	814	1	55	8	1	-0.61110997	0	1	0	0	0	1	0	0	1	226.22549	0.73333001	0	5.3763399	43	1	1	1
17	0	0	0	0	0	0	0	1	0	0	0	0	0	0	0	4	1	1	2	40	1	81	2	1	5	789	1	60	70	1	-0.54237002	1	0	0	0	0	0	0	0	1	226.22549	0.80000001	0	4.7393398	43	1	1	1
21	0	0	0	0	0	0	0	1	0	0	0	0	0	0	0	4	1	1	2	40	1	81	4	1	5	789	1	90	0	1	-0.05618	0	0	1	0	0	0	1	0	1	226.22549	0.5	0	4.7393398	43	1	1	1
8	0	0	0	0	0	0	0	1	0	0	0	0	0	0	0	4	1	1	2	40	1	81	4	1	5	789	1	90	19	1	-0.05618	0	1	0	0	0	1	0	0	1	226.22549	0.5	0	4.7393398	43	1	1	1
8	0	0	0	0	0	0	0	1	0	0	0	0	0	0	0	4	1	1	2	40	1	81	2	1	5	721	1	81	31	1	-0.1375	1	0	0	0	0	0	0	0	1	226.22549	0.57894999	0	3.5842299	43	1	1	1
41	0	0	0	0	0	0	0	1	0	0	0	0	0	0	0	4	1	1	2	40	2	181	2	1	5	721	1	63	0	1	-0.5	0	1	0	0	0	1	0	0	0	184.55882	0.83784002	0	3.5842299	33	0	0	0
1	0	0	0	0	0	0	0	1	0	0	0	0	0	0	0	4	1	1	2	40	2	181	1	1	8	702	1	56	68	3	-0.65455002	1	0	0	0	0	0	0	0	0	184.55882	0.81818002	0	3.35571	33	1	1	1
5	0	0	0	0	0	0	0	1	0	0	0	0	0	0	0	4	1	1	2	40	2	181	3	1	8	702	1	50	53	2	-0.91837001	0	0	1	0	0	0	0	0	0	184.55882	0.89999998	0	3.35571	33	1	1	1
26	0	0	0	0	0	0	0	1	0	0	0	0	0	0	0	4	1	1	2	40	2	181	1	1	8	702	1	56	0	2	-0.65455002	0	1	0	0	0	1	0	0	0	184.55882	0.81818002	0	3.35571	33	1	0	1
4	0	0	0	0	0	0	0	1	0	0	0	0	0	0	0	4	1	1	2	40	2	181	5	1	11	771	0	48	183	3	-1.0212801	1	0	0	0	0	0	0	0	1	184.55882	0.92308003	0	4.3668098	33	1	1	1
44	0	0	0	0	0	0	0	1	0	0	0	0	0	0	0	4	1	1	2	40	2	181	5	1	11	771	1	64	0	1	-0.55555999	0	1	0	0	0	1	0	0	0	184.55882	0.97222	0	4.3668098	33	0	0	0
25	0	0	0	0	0	0	0	1	0	0	0	0	0	0	0	4	1	1	2	40	2	192	4	1	5	680	0	47	36	1	-1.06522	1	0	0	0	0	0	0	0	1	213.72549	0.92453003	0	3.125	40	1	0	1
9	0	0	0	0	0	0	0	1	0	0	0	0	0	0	0	4	1	1	2	40	2	192	4	1	5	680	0	48	35	1	-1.04255	0	1	0	0	0	1	0	0	1	213.72549	0.94230998	0	3.125	40	1	1	1
25	0	0	0	0	0	0	0	1	0	0	0	0	0	0	0	4	1	1	2	40	2	192	3	1	6	741	1	82	52	1	-0.12346	1	0	0	0	0	0	1	0	0	213.72549	0.55555999	0	3.8610001	40	1	0	1
2	0	0	0	0	0	0	0	0	1	0	0	0	0	0	0	5	2	3	4	20	1	215	2	1	36	652	1	58	7	1	-0.64911997	0	0	1	0	0	0	0	0	0	161.02942	0.88094997	0	2.87356	33	1	1	1
14	0	0	0	0	0	0	0	0	1	0	0	0	0	0	0	5	2	3	4	20	2	88	3	1	36	652	1	60	15	2	-0.52542001	0	0	1	0	0	0	0	0	0	98.529411	0.77499998	0	2.87356	18	1	1	1
3	0	0	0	0	0	0	0	0	1	0	0	0	0	0	0	5	2	3	4	20	2	88	3	1	36	652	1	54	1	1	-0.58490998	0	0	1	0	0	0	0	0	0	98.529411	0.67391002	0	2.87356	18	1	1	1
23	0	0	0	0	0	0	0	0	1	0	0	0	0	0	0	5	2	3	4	20	2	88	3	1	36	652	1	54	10	2	-0.69810998	0	1	0	0	0	1	0	0	0	98.529411	0.80435002	0	2.87356	18	1	1	1
0.5	0	0	0	0	0	0	0	0	1	0	0	0	0	0	0	5	2	3	4	20	2	88	1	1	36	718	0	44	17	4	-0.93023002	1	0	0	0	0	0	0	1	0	98.529411	0.71429002	0	3.5460999	18	1	1	1
5	0	0	0	0	0	0	0	0	1	0	0	0	0	0	0	5	2	3	4	20	2	88	1	1	36	718	0	44	20	2	-0.93023002	0	0	1	1	0	0	0	1	0	98.529411	0.71429002	0	3.5460999	18	1	1	1
0.5	0	0	0	0	0	0	0	0	1	0	0	0	0	0	0	5	2	3	4	20	2	88	1	1	36	718	0	44	13	2	-0.93023002	0	0	1	0	0	0	0	1	0	98.529411	0.71429002	0	3.5460999	18	1	1	1
16	0	0	0	0	0	0	0	0	1	0	0	0	0	0	0	5	2	3	4	20	2	88	1	1	36	718	1	50	11	2	-0.73469001	0	0	1	0	0	0	0	0	1	98.529411	0.72000003	0	3.5460999	18	1	1	1
22	0	0	0	0	0	0	0	0	1	0	0	0	0	0	0	5	2	3	4	20	2	88	1	1	36	718	1	50	14	2	-0.73469001	0	0	1	0	0	0	0	0	1	98.529411	0.72000003	0	3.5460999	18	1	1	1
13	0	0	0	0	0	0	0	0	1	0	0	0	0	0	0	5	2	3	4	20	2	88	1	1	36	718	0	44	13	2	-0.93023002	0	1	0	0	0	1	0	1	0	98.529411	0.71429002	0	3.5460999	18	1	1	1
7	0	0	0	0	0	0	0	0	1	0	0	0	0	0	0	5	2	3	4	20	2	88	5	1	32	710	0	49	12	2	-0.77082998	1	0	0	0	0	0	0	0	0	98.529411	0.72548997	0	3.4482801	18	1	1	1
12	0	0	0	0	0	0	0	0	1	0	0	0	0	0	0	5	2	3	4	20	2	88	5	1	32	710	0	45	20	2	-0.95455003	0	0	1	0	0	0	0	1	1	98.529411	0.76363999	0	3.4482801	18	1	1	1
4	0	0	0	0	0	0	0	0	1	0	0	0	0	0	0	5	2	3	4	20	1	74	5	1	32	710	0	45	30	4	-0.95455003	0	0	1	0	0	0	0	1	0	106.86275	0.76363999	0	3.4482801	20	1	1	1
19	0	0	0	0	0	0	0	0	1	0	0	0	0	0	0	5	2	3	4	20	1	74	5	1	32	710	0	45	7	1	-0.84091002	0	0	1	0	0	0	0	1	1	106.86275	0.67273003	0	3.4482801	20	1	1	1
15	0	0	0	0	0	0	0	0	1	0	0	0	0	0	0	5	2	3	4	20	1	74	5	1	32	710	1	50	19	1	-0.46939	0	1	0	0	0	1	0	0	1	106.86275	0.46000001	0	3.4482801	20	1	1	1
5	0	0	0	0	0	0	0	0	1	0	0	0	0	0	0	5	2	3	4	20	1	74	1	1	32	733	0	41	36	2	-1.15	1	0	0	1	0	0	0	1	0	106.86275	0.77965999	0	3.7453201	20	1	1	1
7	0	0	0	0	0	0	0	0	1	0	0	0	0	0	0	5	2	3	4	20	1	74	2	1	32	733	1	61	29	1	-0.43333	0	0	1	0	0	0	0	0	0	106.86275	0.66667002	0	3.7453201	20	1	1	1
18	0	0	0	0	0	0	0	0	1	0	0	0	0	0	0	5	2	3	4	20	1	74	2	1	32	733	1	61	26	2	-0.43333	0	0	1	0	0	0	0	0	0	106.86275	0.66667002	0	3.7453201	20	1	1	1
27	0	0	0	0	0	0	0	0	1	0	0	0	0	0	0	5	2	3	4	20	1	74	2	1	32	733	1	61	33	2	-0.43333	0	1	0	0	0	1	0	0	0	106.86275	0.66667002	0	3.7453201	20	1	1	1
5	0	0	0	0	0	0	0	0	1	0	0	0	0	0	0	5	2	3	4	20	1	74	5	1	37	717	0	42	19	2	-1.14634	1	0	0	1	0	0	0	1	0	106.86275	0.81033999	0	3.5335701	20	1	1	1
7	0	0	0	0	0	0	0	0	1	0	0	0	0	0	0	5	2	3	4	20	1	74	4	1	37	717	1	58	23	1	-0.54386002	0	0	1	0	0	0	0	0	0	106.86275	0.73809999	0	3.5335701	20	1	1	1
6	0	0	0	0	0	0	0	0	1	0	0	0	0	0	0	5	2	3	4	20	1	74	5	1	37	717	0	42	31	2	-0.80488002	0	0	1	0	0	0	0	1	1	106.86275	0.56897002	0	3.5335701	20	1	1	1
3	0	0	0	0	0	0	0	0	1	0	0	0	0	0	0	5	2	3	4	20	1	67	3	1	37	717	1	58	48	4	-0.54386002	0	0	1	0	0	0	0	0	0	119.36275	0.73809999	0	3.5335701	23	1	1	1
7	0	0	0	0	0	0	0	0	1	0	0	0	0	0	0	5	2	3	4	20	1	67	3	1	37	717	1	58	31	2	-0.54386002	0	0	1	0	0	0	0	0	0	119.36275	0.73809999	0	3.5335701	23	1	1	1
10	0	0	0	0	0	0	0	0	1	0	0	0	0	0	0	5	2	3	4	20	1	67	2	1	37	717	1	56	0	1	-0.56364	0	0	1	0	0	0	0	0	1	119.36275	0.70455003	0	3.5335701	23	1	1	1
0.5	0	0	0	0	0	0	0	0	1	0	0	0	0	0	0	5	2	3	4	20	1	67	5	1	37	717	0	42	33	3	-1.14634	0	1	0	1	0	0	0	1	0	119.36275	0.81033999	0	3.5335701	23	1	1	1
12	0	0	0	0	0	0	0	0	1	0	0	0	0	0	0	5	2	3	4	20	1	67	2	1	37	719	1	50	121	2	-0.77551001	1	0	0	0	0	0	0	0	1	119.36275	0.75999999	0	3.5587201	23	1	1	1
8	0	0	0	0	0	0	0	0	1	0	0	0	0	0	0	5	2	3	4	20	1	67	3	1	37	719	1	58	25	1	-0.49123001	0	0	1	0	0	0	0	0	0	119.36275	0.66667002	0	3.5587201	23	1	1	1
7	0	0	0	0	0	0	0	0	1	0	0	0	0	0	0	5	2	3	4	20	1	67	2	1	37	719	1	56	12	1	-0.50909001	0	0	1	0	0	0	0	0	1	119.36275	0.63635999	0	3.5587201	23	1	1	1
14	0	0	0	0	0	0	0	0	1	0	0	0	0	0	0	5	2	3	4	20	1	67	5	1	37	719	0	44	51	3	-0.65116	0	0	1	0	0	0	0	0	1	119.36275	0.5	0	3.5587201	23	1	1	1
3	0	0	0	0	0	0	0	0	1	0	0	0	0	0	0	5	2	3	4	20	1	67	5	1	37	719	0	42	36	3	-0.97561002	0	1	0	0	0	0	0	1	1	119.36275	0.68966001	0	3.5587201	23	1	1	1
18	0	0	0	0	0	0	0	0	1	0	0	0	0	0	0	5	2	3	4	20	1	67	1	1	43	683	0	41	90	2	-1.275	1	0	0	0	0	0	0	1	0	119.36275	0.86440998	0	3.1545701	23	1	1	1
11	0	0	0	0	0	0	0	0	1	0	0	0	0	0	0	5	2	3	4	20	1	67	1	1	43	683	0	41	55	2	-0.15000001	0	0	1	0	0	0	0	1	1	119.36275	0.10169	0	3.1545701	23	1	1	1
0.5	0	0	0	0	0	0	0	0	1	0	0	0	0	0	0	5	2	3	4	20	1	67	1	1	43	683	0	46	47	3	-1.02222	0	1	0	1	0	0	0	0	0	119.36275	0.85184997	0	3.1545701	23	1	1	1
8	0	0	0	0	0	0	0	0	1	0	0	0	0	0	0	5	2	3	4	20	1	67	5	1	38	710	0	46	126	4	-1.0666699	1	0	0	0	0	0	0	0	0	119.36275	0.88889003	0	3.4482801	23	1	1	1
6	0	0	0	0	0	0	0	0	1	0	0	0	0	0	0	5	2	3	4	20	1	71	5	1	38	710	1	54	15	1	-0.71697998	0	0	1	0	0	0	0	0	0	127.69608	0.82608998	0	3.4482801	25	1	1	1
7	0	0	0	0	0	0	0	0	1	0	0	0	0	0	0	5	2	3	4	20	1	71	5	1	38	710	1	57	22	1	-0.625	0	0	1	0	0	0	0	0	0	127.69608	0.81395	0	3.4482801	25	1	1	1
13	0	0	0	0	0	0	0	0	1	0	0	0	0	0	0	5	2	3	4	20	1	71	5	1	38	710	1	58	33	2	-0.61404002	0	0	1	0	0	0	0	0	0	127.69608	0.83332998	0	3.4482801	25	1	1	1
3	0	0	0	0	0	0	0	0	1	0	0	0	0	0	0	5	2	3	4	20	1	71	5	1	38	710	1	58	16	1	-0.61404002	0	0	1	0	0	0	0	0	0	127.69608	0.83332998	0	3.4482801	25	1	1	1
5	0	0	0	0	0	0	0	0	1	0	0	0	0	0	0	5	2	3	4	20	1	71	5	1	38	710	1	56	17	2	-0.63635999	0	1	0	0	0	1	0	0	0	127.69608	0.79544997	0	3.4482801	25	1	1	1
45	0	0	0	0	0	0	0	0	1	0	0	0	0	0	0	5	2	3	4	20	1	71	4	1	39	751	1	58	98	2	-0.59649003	1	0	0	0	0	0	0	0	0	127.69608	0.80952001	0	4.0160599	25	1	0	1
30	0	0	0	0	0	0	0	0	0	1	0	0	0	0	0	4	1	1	2	67	1	40	4	0	8	786	1	76	30	3	-0.10667	1	0	0	0	0	0	0	0	1	495.4902	0.33333001	0	4.6729002	100	1	0	1
15	0	0	0	0	0	0	0	0	0	1	0	0	0	0	0	4	1	1	2	67	1	50	4	0	8	786	1	76	50	6	-0.21333	0	1	0	0	0	1	0	0	0	328.82352	0.66667002	0	4.6729002	60	1	1	1
46	0	0	0	0	0	0	0	0	0	1	0	0	0	0	0	4	1	1	2	67	1	50	2	0	6	785	1	81	69	3	-0.16249999	1	0	0	0	0	1	0	0	0	328.82352	0.68421	0	4.6511598	60	0	0	0
26	0	0	0	0	0	0	0	0	0	1	0	0	0	0	0	4	1	1	2	67	1	50	3	0	5	754	1	85	12	8	-0.10714	1	0	0	0	0	0	0	0	0	328.82352	0.60000002	0	4.0650401	60	1	0	1
3	0	0	0	0	0	0	0	0	0	1	0	0	0	0	0	4	1	1	2	67	1	50	2	0	5	754	1	51	12	1	-0.75999999	0	1	0	1	0	1	0	0	0	328.82352	0.77551001	0	4.0650401	60	1	1	1
48	0	0	0	0	0	0	0	0	0	1	0	0	0	0	0	4	1	1	2	67	1	50	2	0	3	759	1	62	63	2	-0.57376999	1	0	0	0	0	1	0	0	0	328.82352	0.92105001	0	4.1493802	60	0	0	0
19	0	0	0	0	0	0	0	0	0	1	0	0	0	0	0	4	1	1	2	67	1	67	3	0	8	778	1	61	70	4	-0.56667	1	0	0	0	0	0	0	0	0	287.15686	0.87178999	0	4.5044999	50	1	1	1
18	0	0	0	0	0	0	0	0	0	1	0	0	0	0	0	4	1	1	2	67	1	67	2	0	8	778	1	70	46	2	-0.34783	0	0	1	0	0	0	0	0	0	287.15686	0.80000001	0	4.5044999	50	1	1	1
3	0	0	0	0	0	0	0	0	0	1	0	0	0	0	0	4	1	1	2	67	1	67	3	0	8	778	0	42	39	2	-0.82927001	0	1	0	1	0	1	0	0	0	287.15686	0.58621001	0	4.5044999	50	1	1	1
49	0	0	0	0	0	0	0	0	0	1	0	0	0	0	0	4	1	1	2	67	1	67	3	0	16	825	1	57	49	2	-0.625	1	0	0	0	0	1	0	0	0	287.15686	0.81395	0	5.7142901	50	0	0	0
13	0	0	0	0	0	0	0	0	0	1	0	0	0	0	0	4	1	1	2	67	1	131	2	0	15	844	1	54	69	2	-0.71697998	1	0	0	0	0	0	0	0	0	391.32352	0.82608998	0	6.4102602	75	1	1	1
4	0	0	0	0	0	0	0	0	0	1	0	0	0	0	0	4	1	1	2	67	1	131	1	0	15	844	0	49	23	2	-0.91667002	0	1	0	0	0	1	0	0	0	391.32352	0.86274999	0	6.4102602	75	1	1	1
46	0	0	0	0	0	0	0	0	0	1	0	0	0	0	0	4	1	1	2	67	1	131	4	0	9	844	1	64	163	2	-0.36508	1	0	0	0	0	0	0	0	0	391.32352	0.63889003	0	6.4102602	75	0	0	0
41	0	0	0	0	0	0	0	0	0	1	0	0	0	0	0	4	1	1	2	67	1	131	5	0	3	730	1	51	270	7	-0.89999998	1	0	0	0	0	1	0	0	0	391.32352	0.91837001	0	3.7037001	75	0	0	0
8	0	0	0	0	0	0	0	0	0	1	0	0	0	0	0	4	1	1	2	67	1	105	2	0	5	767	1	72	108	5	-0.29576999	1	0	0	0	0	0	0	0	0	391.32352	0.75	0	4.2918501	75	1	1	1
3	0	0	0	0	0	0	0	0	0	1	0	0	0	0	0	4	1	1	2	67	1	105	3	0	5	767	0	43	17	1	-0.83332998	0	1	0	1	0	1	0	0	0	391.32352	0.61404002	0	4.2918501	75	1	1	1
43	0	0	0	0	0	0	0	0	0	1	0	0	0	0	0	4	1	1	2	67	1	105	3	0	5	751	1	54	57	3	-0.75471997	1	0	0	0	0	1	1	0	0	391.32352	0.86957002	0	4.0160599	75	0	0	0
47	0	0	0	0	0	0	0	0	0	0	1	0	0	0	0	4	2	3	5	56	2	87	5	0	7	685	1	50	0	1	-0.85714	1	0	0	0	0	1	1	1	0	482.54901	0.83999997	0	3.1745999	100	0	0	0
25	0	0	0	0	0	0	0	0	0	0	1	0	0	0	0	4	2	3	5	56	2	87	5	0	0	626	1	56	0	1	-0.78182	1	0	0	0	0	0	0	1	0	482.54901	0.97727001	0	2.6738	100	1	0	1
23	0	0	0	0	0	0	0	0	0	0	1	0	0	0	0	4	2	3	5	56	2	60	5	0	0	626	1	56	2	1	-0.78182	0	1	0	0	0	1	1	1	0	274.2157	0.97727001	0	2.6738	50	1	1	1
15	0	0	0	0	0	0	0	0	0	0	1	0	0	0	0	4	2	3	5	56	2	60	5	0	2	677	1	51	0	1	-0.92000002	1	0	0	0	0	0	0	1	0	274.2157	0.93878001	0	3.0959799	50	1	1	1
33	0	0	0	0	0	0	0	0	0	0	1	0	0	0	0	4	2	3	5	56	2	60	5	0	2	677	1	51	7	1	-0.92000002	0	1	0	0	0	1	1	1	0	274.2157	0.93878001	0	3.0959799	50	1	0	1
47	0	0	0	0	0	0	0	0	0	0	1	0	0	0	0	4	2	3	5	56	2	60	5	0	1	666	1	52	0	1	-0.92157	1	0	0	0	0	1	0	1	0	274.2157	0.97917002	0	2.99401	50	0	0	0
23	0	0	0	0	0	0	0	0	0	0	1	0	0	0	0	4	2	3	5	56	3	51	1	0	1	689	0	49	0	1	-1.02083	1	0	0	0	0	0	0	1	0	315.88235	0.96078002	0	3.21543	60	1	1	1
1	0	0	0	0	0	0	0	0	0	0	1	0	0	0	0	4	2	3	5	56	3	51	4	0	1	689	0	49	4	1	-1.04167	0	0	1	0	0	0	0	0	0	315.88235	0.98039001	0	3.21543	60	1	1	1
25	0	0	0	0	0	0	0	0	0	0	1	0	0	0	0	4	2	3	5	56	3	51	1	0	1	689	0	49	4	1	-1.02083	0	1	0	0	0	1	0	1	0	315.88235	0.96078002	0	3.21543	60	1	0	1
47	0	0	0	0	0	0	0	0	0	0	1	0	0	0	0	4	2	3	5	56	3	51	4	0	1	715	1	53	1	1	-0.88462001	1	0	0	0	0	1	1	0	0	315.88235	0.97872001	0	3.50877	60	0	0	0
18	0	0	0	0	0	0	0	0	0	0	1	0	0	0	0	4	2	3	5	56	3	51	3	0	0	680	1	50	0	1	-1	1	0	0	0	0	0	0	0	0	315.88235	0.98000002	0	3.125	60	1	1	1
19	0	0	0	0	0	0	0	0	0	0	1	0	0	0	0	4	2	3	5	56	3	181	5	0	0	680	0	49	11	2	-1.04167	0	0	1	0	0	0	0	1	0	232.54903	0.98039001	0	3.125	40	1	1	1
12	0	0	0	0	0	0	0	0	0	0	1	0	0	0	0	4	2	3	5	56	3	181	4	0	0	680	0	26	11	3	-1.96	0	1	0	0	0	1	0	0	0	232.54903	0.66215998	0	3.125	40	1	1	1
27	0	0	0	0	0	0	0	0	0	0	1	0	0	0	0	4	2	3	5	56	3	181	1	0	13	758	0	40	4	1	-1.25641	1	0	0	0	0	0	0	1	0	232.54903	0.81667	0	4.1322298	40	1	0	1
20	0	0	0	0	0	0	0	0	0	0	1	0	0	0	0	4	2	3	5	56	3	181	1	0	13	758	0	40	3	1	-1.25641	0	1	0	0	0	1	1	1	0	232.54903	0.81667	0	4.1322298	40	1	1	1
41	0	0	0	0	0	0	0	0	0	0	1	0	0	0	0	4	2	3	5	56	3	181	5	0	1	663	0	49	0	1	-1.02083	1	0	0	0	0	0	0	1	0	232.54903	0.96078002	0	2.96736	40	0	0	0
8	0	0	0	0	0	0	0	0	0	0	1	0	0	0	0	4	2	3	5	56	3	103	5	0	1	663	0	49	5	1	-1.02083	0	1	0	0	0	1	0	1	0	232.54903	0.96078002	0	2.96736	40	1	1	1
19	0	0	0	0	0	0	0	0	0	0	1	0	0	0	0	4	2	3	5	56	3	103	5	0	5	687	0	34	2	2	-1.39394	1	0	0	0	0	0	0	1	0	232.54903	0.69696999	0	3.19489	40	1	1	1
28	0	0	0	0	0	0	0	0	0	0	1	0	0	0	0	4	2	3	5	56	3	103	2	0	5	687	1	51	0	1	-0.92000002	0	1	0	0	0	1	0	0	0	232.54903	0.93878001	0	3.19489	40	1	0	1
7	0	0	0	0	0	0	0	0	0	0	1	0	0	0	0	4	2	3	5	56	3	103	4	0	5	676	0	49	0	1	-1.02083	1	0	0	0	0	0	0	0	0	232.54903	0.96078002	0	3.0864201	40	1	1	1
3	0	0	0	0	0	0	0	0	0	0	0	1	0	0	0	4	2	2	3	33	2	116	2	0	16	709	1	83	0	1	-0.19512001	1	0	0	0	0	0	0	0	0	130.49019	0.94117999	0	3.43643	22	1	1	1
17	0	0	0	0	0	0	0	0	0	0	0	1	0	0	0	4	2	2	3	33	2	116	1	0	16	709	0	40	9	1	-1.1282099	0	0	1	0	0	0	0	1	0	130.49019	0.73333001	0	3.43643	22	1	1	1
6	0	0	0	0	0	0	0	0	0	0	0	1	0	0	0	4	2	2	3	33	2	116	3	0	16	709	1	54	46	3	-0.52829999	0	0	1	0	0	0	0	0	0	130.49019	0.60869998	0	3.43643	22	1	1	1
9	0	0	0	0	0	0	0	0	0	0	0	1	0	0	0	4	2	2	3	33	2	210	5	0	19	762	1	51	7	1	-0.95999998	1	0	0	0	0	1	1	0	0	301.32352	0.97959	0	4.2016802	63	1	1	1
2	0	0	0	0	0	0	0	0	0	0	0	1	0	0	0	4	2	2	3	33	2	210	5	0	16	763	1	53	0	1	-0.88462001	1	0	0	0	0	0	1	0	0	301.32352	0.97872001	0	4.2194099	63	1	1	1
23	0	0	0	0	0	0	0	0	0	0	0	1	0	0	0	4	2	2	3	33	2	210	5	0	16	763	1	53	36	1	-0.88462001	0	0	1	0	0	0	0	0	0	301.32352	0.97872001	0	4.2194099	63	1	1	1
3	0	0	0	0	0	0	0	0	0	0	0	1	0	0	0	4	2	2	3	33	2	210	5	0	16	763	1	53	35	2	-0.88462001	0	1	0	1	0	1	0	0	0	301.32352	0.97872001	0	4.2194099	63	1	1	1
24	0	0	0	0	0	0	0	0	0	0	0	1	0	0	0	4	2	2	3	33	2	210	3	0	18	701	1	70	47	1	-0.26087001	1	0	0	0	0	0	0	0	0	301.32352	0.60000002	0	3.34448	63	1	1	1
3	0	0	0	0	0	0	0	0	0	0	0	1	0	0	0	4	2	2	3	33	2	210	3	0	18	701	1	70	9	2	-0.26087001	0	1	0	1	0	1	0	0	0	301.32352	0.60000002	0	3.34448	63	1	1	1
17	0	0	0	0	0	0	0	0	0	0	0	1	0	0	0	4	2	2	3	33	2	210	5	0	15	761	0	35	30	1	-1.11765	1	0	0	0	0	0	0	1	0	301.32352	0.58462	0	4.1841002	63	1	1	1
22	0	0	0	0	0	0	0	0	0	0	0	0	1	0	0	4	2	2	3	75	2	60	5	1	13	644	0	48	3	1	-0.87234002	1	0	0	0	0	0	0	1	0	504.90195	0.78846002	0	2.80899	100	1	1	1
22	0	0	0	0	0	0	0	0	0	0	0	0	1	0	0	4	2	2	3	75	2	305	5	1	13	644	0	48	28	1	-0.87234002	0	1	0	0	0	1	0	1	0	367.40195	0.78846002	0	2.80899	67	1	1	1
43	0	0	0	0	0	0	0	0	0	0	0	0	1	0	0	4	2	2	3	75	2	305	5	1	5	575	1	57	35	1	-0.60714	1	0	0	0	0	1	0	1	0	367.40195	0.79070002	0	2.3529401	67	0	0	0
14	0	0	0	0	0	0	0	0	0	0	0	0	0	1	0	4	2	3	4	63	3	60	1	0	7	648	1	50	0	1	-0.87755001	0	0	1	0	0	0	1	1	0	211.61765	0.86000001	0	2.84091	33	1	1	1
23	0	0	0	0	0	0	0	0	0	0	0	0	0	1	0	4	2	3	4	63	3	60	1	0	7	648	1	50	5	1	-0.87755001	0	1	0	0	0	1	0	1	0	211.61765	0.86000001	0	2.84091	33	1	1	1
36	0	0	0	0	0	0	0	0	0	0	0	0	0	1	0	4	2	3	4	63	3	60	1	0	3	673	0	48	0	1	-1	1	0	0	0	0	0	0	1	0	211.61765	0.90385002	0	3.0581	33	1	0	0
12	0	0	0	0	0	0	0	0	0	0	0	0	0	1	0	4	2	3	4	63	3	60	1	0	3	673	1	61	1	1	-0.56667	0	1	0	0	0	1	1	0	0	324.11765	0.87178999	0	3.0581	60	1	1	1
48	0	0	0	0	0	0	0	0	0	0	0	0	0	1	0	4	2	3	4	63	3	60	1	0	2	677	1	59	0	1	-0.65517002	1	0	0	0	0	1	1	0	0	324.11765	0.92682999	0	3.0959799	60	0	0	0
13	0	0	0	0	0	0	0	0	0	0	0	0	0	1	0	4	2	3	4	63	3	60	1	0	3	686	1	54	0	1	-0.81132001	1	0	0	0	0	0	0	0	0	324.11765	0.93478	0	3.18471	60	1	1	1
7	0	0	0	0	0	0	0	0	0	0	0	0	0	1	0	4	2	3	4	63	3	60	1	0	3	686	0	45	4	3	-1.15909	0	1	0	0	0	1	1	1	0	324.11765	0.92727	0	3.18471	60	1	1	1
28	0	0	0	0	0	0	0	0	0	0	0	0	0	1	0	4	2	3	4	63	3	60	5	0	2	684	0	48	0	1	-1.04255	1	0	0	0	0	1	1	1	0	324.11765	0.94230998	0	3.1645601	60	1	0	1
48	0	0	0	0	0	0	0	0	0	0	0	0	0	1	0	4	2	3	4	63	3	49	5	0	2	679	0	49	0	1	-1	1	0	0	0	0	1	1	1	0	386.61765	0.94117999	0	3.1152599	75	0	0	0
48	0	0	0	0	0	0	0	0	0	0	0	0	0	1	0	4	2	3	4	63	3	49	1	0	3	692	0	48	0	1	-1.0212801	1	0	0	0	0	1	1	1	0	386.61765	0.92308003	0	3.2467501	75	0	0	0
12	0	0	0	0	0	0	0	0	0	0	0	0	0	1	0	4	2	3	4	63	3	49	5	0	1	653	1	53	0	1	-0.86537999	1	0	0	0	0	0	0	1	0	386.61765	0.95744997	0	2.88184	75	1	1	1
11	0	0	0	0	0	0	0	0	0	0	0	0	0	1	0	4	2	3	4	63	3	49	5	0	1	653	1	53	18	1	-0.86537999	0	1	0	0	0	1	0	1	0	386.61765	0.95744997	0	2.88184	75	1	1	1
36	0	0	0	0	0	0	0	0	0	0	0	0	0	1	0	3	2	3	4	63	3	73	1	0	5	698	0	46	0	1	-1.0666699	1	0	0	0	0	1	1	1	0	407.45099	0.88889003	0	3.31126	80	0	0	0
36	0	0	0	0	0	0	0	0	0	0	0	0	0	1	0	3	2	3	4	63	3	73	1	0	5	702	0	44	0	1	-1.1627899	1	0	0	0	0	1	0	1	0	407.45099	0.89286	0	3.35571	80	0	0	0
24	0	0	0	0	0	0	0	0	0	0	0	0	0	1	0	3	2	3	4	63	3	73	4	0	5	710	1	51	18	1	-0.95999998	1	0	0	0	0	0	0	0	0	407.45099	0.97959	0	3.4482801	80	1	0	0
12	0	0	0	0	0	0	0	0	0	0	0	0	0	1	0	3	2	3	4	63	3	73	5	0	5	710	0	11	8	3	-7.3000002	0	1	0	0	0	1	0	1	0	407.45099	0.82021999	0	3.4482801	80	1	1	1
19	0	0	0	0	0	0	0	0	0	0	0	0	0	1	0	3	2	3	4	63	3	73	2	0	6	713	1	50	1	1	-1	1	0	0	0	0	0	0	0	0	407.45099	0.98000002	0	3.4843199	80	1	0	1
16	0	0	0	0	0	0	0	0	0	0	0	0	0	1	0	3	2	3	4	63	3	79	1	0	6	713	0	29	14	1	-1.75	0	1	0	0	0	1	0	0	0	282.45099	0.69014001	0	3.4843199	50	1	0	1
37	0	0	0	0	0	0	0	0	0	0	0	0	0	1	0	3	2	3	4	63	3	79	5	0	6	681	0	47	18	1	-1	1	0	0	0	0	1	0	1	0	282.45099	0.86791998	0	3.1348	50	0	0	0
5	0	0	0	0	0	0	0	0	0	0	0	0	0	1	0	3	2	3	4	63	3	79	1	0	5	705	0	46	19	1	-1.08889	1	0	0	0	0	NA	0	1	0	282.45099	0.90741003	0	3.3898301	50	1	1	1
55	0	0	0	0	0	0	0	0	0	0	0	0	0	0	1	5	1	1	1	69	3	60	5	0	0	511	1	61	21	1	-0.58332998	1	0	0	0	0	1	1	1	0	497.84314	0.89744002	0	2.0449901	100	0	0	0
20	0	0	0	0	0	0	0	0	0	0	0	0	0	0	1	5	1	1	1	69	3	60	5	0	0	518	1	50	0	1	-1	1	0	0	0	0	1	0	1	0	393.67648	0.98000002	0	2.0746901	75	1	1	1
41	0	0	0	0	0	0	0	0	0	0	0	0	0	0	1	5	1	1	1	69	3	60	5	0	0	513	1	51	1	1	-0.95999998	1	0	0	0	0	0	0	1	0	393.67648	0.97959	0	2.05339	75	1	0	1
2	0	0	0	0	0	0	0	0	0	0	0	0	0	0	1	5	1	1	1	69	3	60	5	0	0	513	1	51	1	1	-0.95999998	0	1	0	0	0	1	1	1	0	393.67648	0.97959	0	2.05339	75	1	1	1
19	0	0	0	0	0	0	0	0	0	0	0	0	0	0	1	5	1	1	1	69	3	60	5	0	0	508	1	54	1	1	-0.83019	1	0	0	0	0	0	0	1	0	393.67648	0.95652002	0	2.0325201	75	1	1	1
33	0	0	0	0	0	0	0	0	0	0	0	0	0	0	1	5	1	1	1	69	3	60	5	0	0	508	1	54	1	1	-0.83019	0	1	0	0	0	1	1	1	0	393.67648	0.95652002	0	2.0325201	75	1	1	1
48	0	0	0	0	0	0	0	0	0	0	0	0	0	0	1	5	1	1	1	69	3	60	5	0	0	497	1	57	0	1	-0.73214	1	0	0	0	0	0	0	1	0	393.67648	0.95349002	0	1.98807	75	1	0	0
12	0	0	0	0	0	0	0	0	0	0	0	0	0	0	1	5	1	1	1	69	3	88	5	0	0	497	1	57	5	1	-0.73214	0	1	0	0	0	1	0	1	0	360.34314	0.95349002	0	1.98807	67	1	1	1
16	0	0	0	0	0	0	0	0	0	0	0	0	0	0	1	5	1	1	1	69	3	88	5	0	0	514	1	50	0	1	-1	1	0	0	0	0	1	1	1	0	360.34314	0.98000002	0	2.05761	67	1	1	1
51	0	0	0	0	0	0	0	0	0	0	0	0	0	0	1	5	1	1	1	69	3	88	5	0	0	506	1	57	0	1	-0.75	1	0	0	0	0	1	0	1	0	360.34314	0.97674	0	2.0242901	67	0	0	0
44	0	0	0	0	0	0	0	0	0	0	0	0	0	0	1	5	1	1	1	69	3	82	5	0	0	518	1	52	0	1	-0.90196002	1	0	0	0	0	1	0	1	0	360.34314	0.95832998	0	2.0746901	67	1	0	1
7	0	0	0	0	0	0	0	0	0	0	0	0	0	0	1	5	1	1	1	69	3	82	5	0	3	556	0	47	4	2	-1.06522	1	0	0	0	0	1	1	1	0	360.34314	0.92453003	0	2.25225	67	1	1	1
18	0	0	0	0	0	0	0	0	0	0	0	0	0	0	1	5	1	1	1	69	3	82	5	0	2	556	1	50	0	1	-0.91837001	1	0	0	0	0	0	0	1	0	360.34314	0.89999998	0	2.25225	67	1	1	1
7	0	0	0	0	0	0	0	0	0	0	0	0	0	0	1	5	1	1	1	69	3	82	5	0	2	556	1	50	0	1	-0.91837001	0	0	1	0	0	1	1	1	0	360.34314	0.89999998	0	2.25225	67	1	1	1
30	0	0	0	0	0	0	0	0	0	0	0	0	0	0	1	5	1	1	1	69	3	82	5	0	2	556	0	49	0	1	-0.95832998	0	1	0	0	0	1	0	1	0	360.34314	0.90196002	0	2.25225	67	1	1	1
50	0	0	0	0	0	0	0	0	0	0	0	0	0	0	1	5	1	1	1	69	3	82	5	0	1	536	1	53	0	1	-0.84614998	1	0	0	0	0	1	1	1	0	360.34314	0.93616998	0	2.15517	67	0	0	0
49	0	0	0	0	0	0	0	0	0	0	0	0	0	0	1	5	1	1	1	69	3	75	5	0	1	522	1	61	6	1	-0.60000002	1	0	0	0	0	1	1	1	0	497.84314	0.92308003	0	2.0920501	100	0	0	0
